% -------------------------------------------------------------------
%  Generated by MATLAB on 9-Sep-2021 11:08:19
%  MATLAB version: 9.10.0.1739362 (R2021a) Update 5
% -------------------------------------------------------------------
                                                   

Ts = 0.01;

